"R"||"R"|||109|112|115|160|162|164||50||||||||||||||||||||||||0||||||||||||||||||||||||||0|0|0|||||||||||||||||1.41|5|10||||||||||||||||||||||||||||||0|0|0|0|0|0|0|0|0|0|0|0|||||||||||||||||||||||||||||||||||||||||||||"25727831"|"76732180"
"Ap"||"A"|||0|0|0|25|28|31||28||0|0|0|0|1|1|84|89|91|63|77|80|56|73|80|51|69|80|5|11.7|19.5|0.1|0.7|1.3|0.5|1.2|1.9|0.9|1.5|3|0.9|3.6|6.7|1.4|4.7|7|50.5|63.3|76.2|||||||9.2|25|32|0|0|0|1|2|3||||1.28|1.35|1.42||||1.35|1.42|1.51||4|7.76|14.11|0.19|0.2|0.22||||16.7|27|32.9|10.5|10.5|18.6|33|39|42|0.6|2.1|3|22|38|47|5|17|22|0|11|27|".43"|".43"|0|0|0|0|0|0|0|0|0|0|0|0|5|13.5|17.3||||1.3|9.8|18.3|5.6|6.2|6.8||||||||||1.3|5.5|8.6|||||||||||||||||||||"25727831"|"76732181"
"Cx"||"C"|||73|76|79|109|112|115||36||0|0|0|0|4|8|84|89|89|54|70|72|52|70|72|49|67|72|5|7|20|0|0|0|0|0|0|0.1|0.2|0.3|1.8|2|2.2|4.5|4.8|5|55|68|75|||||||15|25|30|0|0|0|0.02|0.25|0.5||||1.6|1.7|1.8||||1.71|1.81|1.92||1.41|7.7|14|0.08|0.1|0.12||||15.6|23.9|26.9|8.3|13.2|16.9|18|26|30|0|0|0|24|34|40|9|17|21|3|9|13|".28"|".49"|0|0|0|0|0|0|0|0|0|0|0|0||||4.6|9|14.9|5.9|9.6|12.8|5.2|5.4|6||||||||||0.8|5.7|7.9|||||||||||||||||||||"25727831"|"76732184"
"Btg"||"B"|||25|28|31|45|48|51||20||0|0|0|0|3|9|91|95|96|67|80|83|60|75|83|56|73|83|3.1|9.6|20|0|0.5|10|0.1|0.8|3.4|0.1|1.3|1.7|0.6|3|3.7|1.7|4|5.4|50|61|74.8|||||||21.1|29.4|40|0|0|0|0.5|0.75|1||||1.38|1.47|1.55||||1.61|1.7|1.78||1.41|2.82|4.23|0.14|0.17|0.2||||20.5|27.5|31.9|9.2|15.7|22.2|29|36|40|1.6|2.6|4.1|33|41|51|14|21|29|4|14|25|".49"|".49"|0|0|0|0|0|0|0|0|0|0|0|0|11.2|15.6|21.3||||3.2|12.5|19.8|5.4|5.7|6||||||||||4.6|6.5|8.7|||||||||||||||||||||"25727831"|"76732182"
"Btgx"||"B"|||45|48|51|73|76|79||28||0|0|0|0|4|8|92|96|96|71|83|83|64|83|83|61|80|83|4|6|20|0|0|0|0|0|0|0.1|0.2|0.3|1.4|1.7|1.8|4|4.1|4.5|51|59|75|||||||20|35|40|0|0|0|0.02|0.25|0.5||||1.65|1.77|1.88||||1.74|1.86|1.95||0.5|0.71|1.41|0.05|0.06|0.17||||19|25.7|25.8|13.1|21.5|25.6|20|27|31|0|0|0|29|43|49|13|24|28|7|18|24|".28"|".43"|0|0|0|0|0|0|0|0|0|0|0|0|10.1|18.3|21||||3.3|13.8|19.7|5.2|5.5|6||||||||||4.1|7.4|8.9|||||||||||||||||||||"25727831"|"76732183"
"Bt3"||"B"||3|42|48|52|52|56|68|5|8|19|0|0|0|2|9|14|65|79|95|63|78|94|53|72|94|40|57|79|17.6|32.3|43.2|0.1|2.2|3.5|0.1|3.9|6.5|0.3|7.7|15.5|1.9|9.5|20|4|9|16.5|27.9|46.7|64||22.1|||24.6||18|21|30|0|0|0|0.06|0.14|0.21||||1.54|1.58|1.61||||1.62|1.66|1.71|2.67|4|9|14|0.1|0.14|0.19||||15.7|23.1|31.4|6.6|10.9|17.5|22|31|40|1|1.4|2.2|28|31|39|12|14|21|0|5|15|".28"|".49"|0|0|0|0|0|0|0|0|0|0|0|0|10.7|10.8|10.9||||4.2|7.1|10.3|4.4|5.8|6.7|5.2|5.4|5.7|||||||2.2|4.9|9|||||||||||||||||||||"25727832"|"76732189"
"Cr"||"C"|||52|56|68|68|71|85|0|15|33|0|0|0|14|17|23|37|55|65|34|53|63|29|50|63|21|38|56|18.5|34.6|58.2|0.1|0.6|2|0.2|2.2|13|0.5|6.3|18|7|13.3|25|4|12.2|38|25.2|47.9|68||14.6|||33.3||13.2|17.5|19|0|0|0|0.02|0.12|0.24||||1.32|1.32|1.32||||1.39|1.39|1.42|2.67|1|5|9|0.04|0.11|0.19||||6.6|18|26.1|2|6.7|10.3|14|30|48|0.5|1.1|1.5|23|27|29|8|11|12|0|0|2|".20"|".55"|0|0|0|0|0|0|0|0|0|0|0|0|9.5|13.8|17.4||||4.6|11.1|17.2|4.6|5.6|7.2|4.2|5.1|6.2|||||||0.4|6.1|9.8|||||||||||||||||||||"25727832"|"76732190"
"Bt1"||"B"||1|1|25|30|30|38|42|10|13|30|0|0|0|2|4|7|84|91|94|83|90|94|73|86|94|58|72|85|16.5|24.9|41.4|0.1|0.8|3.5|0.1|2.5|6.5|0.3|5.2|15.5|1.9|8.1|20|4|8.3|16.5|31.7|51.9|65.5||22.1|||29.8||18|23.2|33.5|0|0|0|0.06|0.36|1.12||||1.36|1.46|1.56||||1.45|1.55|1.58|2.67|4|9|14|0.12|0.17|0.22||||15.7|23.8|33.5|6.3|11.5|21|23|35|46|1.3|1.8|2.4|28|33|44|12|16|23|0|9|20|".49"|".49"|0|0|0|0|0|0|0|0|0|0|0|0|10.7|10.8|10.9||||4.2|7.3|10.9|4.4|5.8|6.7|5.2|5.5|5.7|||||||2.2|5|9.6|||||||||||||||||||||"25727832"|"76732187"
"Bt2"||"B"||2|30|38|42|42|48|52|8|10|22|0|0|0|2|5|6|85|89|94|84|88|94|73|85|94|60|72|87|16.5|22.5|43.2|0.1|0.7|3.5|0.1|2.3|6.5|0.3|4.9|15.5|1.9|7.2|20|4|7.4|16.5|30.9|52.4|65||22.1|||30.3||18.5|25.1|34.8|0|0|0|0.06|0.36|1.12||||1.36|1.51|1.66||||1.45|1.6|1.75|2.67|4|9|14|0.12|0.17|0.22||||15.8|24.6|34.3|6.6|12.7|22.5|21|33|46|1.3|1.8|2.4|28|35|45|12|17|24|0|10|21|".49"|".49"|0|0|0|0|0|0|0|0|0|0|0|0|10.7|10.8|10.9||||4.2|7.3|10.9|4.4|5.8|6.7|5.2|5.4|5.7|||||||2.2|5|9.6|||||||||||||||||||||"25727832"|"76732188"
"Ap"||"A"|||0|0|0|1|25|30|13|25|30|0|0|0|1|3|8|83|94|98|83|94|97|73|90|97|59|76|89|13.5|23.3|43|0.1|0.6|3.5|0.1|2.2|6.5|0.3|5|15.5|1.9|7.6|20|4|7.9|16.5|38.7|59.9|74||28|||31.9||12.1|16.8|25|0|0|0|1.51|4.46|11.74||||1.24|1.33|1.42||||1.31|1.4|1.45|2.6|4|9|14|0.18|0.2|0.22||||21|27.7|36.6|7.4|14|27.1|33|40|47|1.1|1.7|2.7|26|37|60|7|11|16|0|8|19|".32"|".32"|0|0|0|0|0|0|0|0|0|0|0|0|11.3|13.9|15.9||||5.6|9.5|17.4|5.5|6.4|7.7|5|5.3|5.5|||||||0.3|6.5|14.3|||||||||||||||||||||"25727832"|"76732186"
"R"||"R"|||68|71|85|93|96|110|25|25|100||||||||||||||||||||||||||||||||||||||||||||||||||||||||||||||||||||0|1|2||||||||||||||||||||||||||||||||||||||||||||||||||||||||||||||||||||||||||||||||||||||"25727832"|"76732185"
"Ap"||"A"|||0|0|0|23|25|27|23|25|27|0|0|0|0|3|5|90|95|100|80|90|100|75|87.5|100|55|72.5|90|20|29.1|35|2|2.4|3|3|3.4|4|4|4.8|5|9|9.1|10|9|9.4|10|45|53.4|65|26|28|30|23|25.4|27|10|17.5|25|0|0|0|2|2.5|3||||1.1|1.25|1.4||||1.16|1.31|1.46||4.23|9.17|14.11|0.16|0.19|0.22||||20.2|25.5|30.3|6.4|10.9|15.9|38|46|54|0.6|1.3|2.3|25|33|41|6|11|17|0|6|16|".32"|".32"|0|0|0|0|0|0|0|0|0|0|0|0|5.5|9.5|13.6||||2.9|8.3|13.6|5.3|6.1|6.9||||||||||1.8|5.2|8.8|||||||||||||||||||"Low"|"Moist"|"25727833"|"76732193"
"R"||"R"|||117|122|127|145|147|150|23|25|27|||||||||||||||||||||||0|||||||||||||||||||||||||||||||||||1.4|1.6|1.8||||||||0.42|2.33|4.23||||||||||||||||||||||||||||||0|0|0|0|0|0|0|0|0|0|0|0|||||||||||||||||||||||||||||||||||||||||||"Very high"|"Moist"|"25727833"|"76732192"
"Bx"||"B"|||46|51|56|94|99|104|46|48|50|0|0|0|0|4|9|81|88|91|55|72|78|55|72|78|51|70|78|5|9.4|30|0|0.4|2|1|2|4|2|3|5|1|2|3|1|2|3|52|69.3|70|25|27.6|30|40|41.7|44|15|21.3|32|0|0|0|0|0.25|0.5||||1.3|1.45|1.6||||1.38|1.53|1.61|2.67|0.42|0.92|1.41|0.06|0.08|0.1||||16.6|22.5|25.9|6.4|10.2|13.1|25|35|42|0.8|1.1|1.4|27|31|35|11|14|17|2|7|11|".32"|".55"|0|0|0|0|0|0|0|0|0|0|0|0|8.6|11.2|13.2||||4.7|10.5|16.5|5.1|5.8|6.5||||||||||2.3|5.3|8.4|||||||||||||||||||||"25727833"|"76732195"
"BCg"||"BC"|||94|99|104|117|122|127|21|23|25|0|0|0|0|10|20|75|87.5|100|45|67.5|90|40|65|90|40|62.5|85|10|20.9|40|1|1.5|2|2|2.2|3|1|2|3|6|6.5|7|8|8.7|9|35|54.6|72|22|24.6|27|26|30|32|10|24.5|27|0|0|0|0|0|0||||1.5|1.7|1.9||||1.61|1.81|1.92||0.42|2.33|4.23|0.06|0.09|0.12||||11|21.8|31.7|5.4|11.8|20.3|13|24|38|0.9|1.6|2.4|27|34|40|11|17|22|0|8|18|".24"|".49"|0|0|0|0|0|0|0|0|0|0|0|0|8.6|12.3|16||||4.7|10.6|15.5|5.1|5.8|6.5||||||||||2.3|5.1|7.9|||||||||||||||||||||"25727833"|"76732191"
"Bt"||"B"|||23|25|27|46|51|56|24|26|28|0|0|0|0|3|5|90|95|100|80|90|100|75|85|95|55|70|85|12|20.9|30|1|1.5|2|1|2.2|3|1|2|3|6|6.5|7|8|8.7|9|52|54.6|65|30|32.6|34.6|20|22|24|15|24.5|32|0|0|0|0|0.25|0.5||||1.2|1.3|1.4||||1.26|1.36|1.42||4.23|9.17|14.11|0.14|0.18|0.22||||21.4|26.4|31.2|7.7|12.2|17.2|39|45|52|1.1|2|3.2|27|34|42|11|17|22|3|9|18|".49"|".49"|0|0|0|0|0|0|0|0|0|0|0|0|8.6|12.8|16.9||||2.6|10.6|16.5|4.5|5.5|6.5||||||||||2.3|6.2|10.2|||||||||||||||||||||"25727833"|"76732194"
"Ap"||"A"|||0|0|0|10|13|15|10|13|15|0|0|0|6|11|20|82|83|85|80|82|84|69|77|84|58|66|76|20|24|50|1.3|2|5|2|2.8|6.8|1.9|4|8.9|6.3|7.5|15.3|6.3|7.7|14|40|60.6|73|12|13.6|15|45|47|49|7|15.4|25|0|0|0|1|2|3||||1.47|1.48|1.5||||1.52|1.53|1.59|2.63|14|28|42|0.06|0.08|0.1||||16|22.7|28|4.2|9.9|16.4|31|34|36|0.3|0.9|2|20|30|41|3|10|17|0|4|12|".24"|".43"|0|0|0|0|0|0|0|0|0|0|0|0|3.8|8.4|13.6||||1.4|6.1|13|5.5|6.2|6.5||||||||||1|5.2|11.7|||||||||||||||||||||"25727834"|"76732197"
"Bw"||"B"|||10|13|15|25|38|51|15|25|41|0|0|0|8|21|25|59|63|80|56|60|79|48|54|75|37|42|59|20|35|50|1.3|3.3|4.9|2|4.6|6.7|1.9|6.2|8.9|6.3|10.9|15.4|8.5|10|14.1|28|45|65|10|11.2|13|31|33.8|36|15|20|25|0|0|0|0|0.1|0.2||||1.45|1.47|1.49||||1.51|1.53|1.61|2.67|14|28|42|0.04|0.06|0.08||||14|17|24.6|5|7.4|12.4|24|26|36|0.5|0.8|1.9|25|29|35|9|12|17|0|1|7|".17"|".43"|0|0|0|0|0|0|0|0|0|0|0|0|7.6|10.4|13||||1.4|5.7|9.7|4.5|5.7|6||||||||||5|7.9|15.3|||||||||||||||||||||"25727834"|"76732198"
"R"||"R"|||25|38|51|50|63|203|25|25|178||||||||||||||||||||||||||||||||||||||||||||||||||||||||||||||||||||1.4|7.7|14|0|0|0|||||||||||||||||||||||||||||||||||||||||||||||||||||||||||||||||||||||||||||||||||"25727834"|"76732196"
"R"||"R"|||102|112|152|127|137|203||25||||||||||||||||||||||||0||||||||||||||||||||||||||0|0|0|||||||||||||||||1.41|5|10||||||||||||||||||||||||||||||0|0|0|0|0|0|0|0|0|0|0|0|||||||||||||||||||||||||||||||||||||||||||||"25727835"|"76732203"
"Btxg"||"B"|||38|48|64|73|76|79||28||0|1|2|0|8|15|84|91|100|74|85|100|63|85|100|60|82|100|4|6|20|0|0|0|0|0|0|0.1|0.2|0.3|1.4|1.7|1.8|4|4.1|4.5|51|59|75|||||||20|35|40|0|0|0|0.02|0.25|0.5||||1.51|1.56|1.61||||1.6|1.65|1.71|2.68|0.5|0.71|1.41|0.05|0.06|0.17||||20.4|29.1|35.9|9.1|18.9|25.6|28|34|41|0.7|1.6|2.7|29|43|48|13|24|28|4|19|30|".28"|".43"|0|0|0|0|0|0|0|0|0|0|0|0||||6.4|13.3|20.7|5.2|12|18.8|5.2|5.5|6||||||||||1.7|7.2|9.8|||||||||||||||||||||"25727835"|"76732201"
"Btg"||"B"|||25|28|31|38|48|64||20||0|1|2|0|7|16|84|90|92|75|84|86|67|83|86|63|78|86|3.1|9.6|20|0|0.5|10|0.1|0.8|3.4|0.1|1.3|1.7|0.6|3|3.7|1.7|4|5.4|50|61|74.8|||||||21.1|29.4|40|0|0|0|0.5|0.75|1||||1.35|1.4|1.46||||1.48|1.53|1.61|2.67|1.41|2.82|4.23|0.14|0.17|0.2||||20.9|27.1|32.1|9.4|15.1|21.7|32|39|43|1.6|2.6|4.1|32|40|50|14|20|28|6|14|25|".49"|".49"|0|0|0|0|0|0|0|0|0|0|0|0|11.2|15.6|21.3||||7.3|12.5|19.7|5.4|5.7|6||||||||||4.6|6.5|8.7|||||||||||||||||||||"25727835"|"76732200"
"Cx"||"C"|||73|76|79|102|112|152||36||0|1|2|1|11|22|74|84|85|60|75|77|54|75|77|51|72|77|5|7|20|0|0|0|0|0|0|0.1|0.2|0.3|1.8|2|2.2|4.5|4.8|5|55|68|75|||||||15|25|30|0|0|0|0.02|0.25|0.5||||1.57|1.58|1.58||||1.63|1.64|1.67|2.67|1.41|7.7|14|0.08|0.1|0.12||||14.8|23.4|27.6|5.6|12.4|16.6|23|30|33|0.4|0.9|1.5|25|34|39|9|17|21|1|10|15|".28"|".49"|0|0|0|0|0|0|0|0|0|0|0|0||||4.6|9|14.9|4.6|9|12.3|5.2|5.4|6||||||||||0.8|5.7|7.9|||||||||||||||||||||"25727835"|"76732202"
"Ap"||"A"|||0|0|0|25|28|31||28||0|0|1|0|7|7|85|86|100|84|85|100|69|83|100|63|77|98|5|11.7|19.5|0.1|0.7|1.3|0.5|1.2|1.9|0.9|1.5|3|0.9|3.6|6.7|1.4|4.7|7|50.5|63.3|76.2|||||||9.2|25|32|0|0|0|1|2|3||||1.41|1.44|1.48||||1.52|1.55|1.62|2.64|4|7.76|14.11|0.19|0.2|0.22||||19.3|27.2|34.2|5.8|14.9|22.2|36|38|44|0.6|2.1|3.5|22|39|47|5|17|22|0|12|24|".43"|".43"|0|0|0|0|0|0|0|0|0|0|0|0|5|13.5|17.3||||3.1|11.8|16.9|5.6|6.2|6.8||||||||||1.3|5.5|8.6|||||||||||||||||||||"25727835"|"76732199"
"Bt3"||"B"||3|42|48|52|51|56|102|5|8|19|0|0|0|2|9|14|65|79|95|63|78|94|56|72|94|44|57|77|17.6|32.3|43.2|0.1|2.2|3.5|0.1|3.9|6.5|0.3|7.7|15.5|1.9|9.5|20|4|9|16.5|27.9|46.7|64||22.1|||24.6||18|21|30|0|0|0|0.06|0.14|0.21||||1.54|1.58|1.61||||1.65|1.69|1.81|2.62|4|9|14|0.1|0.14|0.19||||18|23|30.9|7.6|10.8|18.3|24|30|37|1.2|1.9|3.8|28|31|40|12|14|21|1|5|15|".28"|".49"|0|0|0|0|0|0|0|0|0|0|0|0|13.5|16.1|22.5||||4.7|13.6|22|4.4|5.8|6.7|5.2|5.4|5.7|||||||2.7|6|11.4|||||||||||||||||||||"25727836"|"76732208"
"Cr"||"C"|||51|56|102|51|71|102|0|15|51|||||||||||||||||||||||||||||||||||||||||||||||||0|0|0|||||||||||||||||1|3|5||||||||||||||||||||||||||||||0|0|0|0|0|0|0|0|0|0|0|0|||||||||||||||||||||||||||||||||||||||||||||"25727836"|"76732209"
"Bt1"||"B"||1|1|25|30|30|38|42|10|13|30|0|0|0|2|4|7|84|91|94|83|90|94|75|86|94|62|72|85|16.5|24.9|41.4|0.1|0.8|3.5|0.1|2.5|6.5|0.3|5.2|15.5|1.9|8.1|20|4|8.3|16.5|31.7|51.9|65.5||22.1|||29.8||18|23.2|33.5|0|0|0|0.06|0.36|1.12||||1.36|1.46|1.56||||1.49|1.59|1.7|2.61|4|9|14|0.12|0.17|0.22||||22.6|26.7|32|9.1|12.9|20|33|39|43|1.5|2.6|4.7|28|34|45|12|16|24|4|9|21|".49"|".49"|0|0|0|0|0|0|0|0|0|0|0|0|13.5|18.2|26.5||||4.9|16.2|25.1|4.4|5.8|6.7|5.2|5.5|5.7|||||||2.7|6.5|12.8|||||||||||||||||||||"25727836"|"76732206"
"Bt2"||"B"||2|30|38|42|42|48|52|8|10|22|0|0|0|2|5|6|85|89|94|84|88|94|75|85|94|63|72|86|16.5|22.5|43.2|0.1|0.7|3.5|0.1|2.3|6.5|0.3|4.9|15.5|1.9|7.2|20|4|7.4|16.5|30.9|52.4|65||22.1|||30.3||18.5|25.1|34.8|0|0|0|0.06|0.36|1.12||||1.36|1.51|1.66||||1.51|1.66|1.77|2.61|4|9|14|0.12|0.17|0.22||||23.3|27.2|32.7|9.8|14.1|21.4|30|36|43|1.6|2.9|4.9|29|36|47|12|17|25|5|10|22|".49"|".49"|0|0|0|0|0|0|0|0|0|0|0|0|13.9|19.6|27.5||||5|17.4|26.3|4.4|5.8|6.7|5.2|5.4|5.7|||||||2.8|6.8|13|||||||||||||||||||||"25727836"|"76732207"
"R"||"R"|||51|71|102|76|96|203|25|25|152||||||||||||||||||||||||||||||||||||||||||||||||||||||||||||||||||||0|1|2||||||||||||||||||||||||||||||||||||||||||||||||||||||||||||||||||||||||||||||||||||||"25727836"|"76732204"
"Ap"||"A"|||0|0|0|1|25|30|13|25|30|0|0|0|1|3|8|83|94|98|83|94|97|75|90|97|63|76|87|13.5|23.3|43|0.1|0.6|3.5|0.1|2.2|6.5|0.3|5|15.5|1.9|7.6|20|4|7.9|16.5|38.7|59.9|74||28|||31.9||12.1|16.8|25|0|0|0|1.51|4.46|11.74||||1.24|1.33|1.42||||1.31|1.4|1.48|2.56|4|9|14|0.18|0.2|0.22||||20.9|28|36|7.2|13.8|26.8|37|44|48|1.1|1.7|3.4|26|37|60|7|10|16|2|7|19|".32"|".32"|0|0|0|0|0|0|0|0|0|0|0|0|10.7|15|22.3||||4.3|13.4|23.8|5.5|6.4|7.7|5|5.3|5.5|||||||0.2|6.8|15.6|||||||||||||||||||||"25727836"|"76732205"
"Ap"||"A"|||0|0|0|23|25|27|23|25|27|0|1|1|0|6|11|87|92|96|79|88|93|68|82|93|54|67|78|20|29.1|35|2|2.4|3|3|3.4|4|4|4.8|5|9|9.1|10|9|9.4|10|45|53.4|65|26|28|30|23|25.4|27|10|17.5|25|0|0|0|2|2.5|3||||1.39|1.42|1.44||||1.45|1.48|1.53|2.63|4.23|9.17|14.11|0.16|0.19|0.22||||19.6|25.4|30.5|6.8|11.8|17.3|35|39|43|0.6|1.3|2.3|25|33|41|6|12|17|0|6|13|".32"|".32"|0|0|0|0|0|0|0|0|0|0|0|0|5.5|9.5|13.6||||2.9|8.3|13.6|5.3|6.1|6.9||||||||||1.8|5.2|8.8|||||||||||||||||||"Low"|"Moist"|"25727837"|"76732211"
"R"||"R"|||102|122|152|127|147|203|25|25|101|||||||||||||||||||||||0|||||||||||||||||||||||||||||||||||||||||||||0.42|2.33|4.23||||||||||||||||||||||||||||||0|0|0|0|0|0|0|0|0|0|0|0|||||||||||||||||||||||||||||||||||||||||||"Very high"|"Moist"|"25727837"|"76732210"
"Bx"||"B"|||46|51|56|94|99|104|46|48|50|0|1|2|0|10|20|76|86|89|64|79|84|58|77|84|55|73|84|5|9.4|30|0|0.4|2|1|2|4|2|3|5|1|2|3|1|2|3|52|69.3|70|25|27.6|30|40|41.7|44|15|21.3|32|0|0|0|0|0.25|0.5||||1.51|1.52|1.54||||1.57|1.58|1.62|2.67|0.42|0.92|1.41|0.06|0.08|0.1||||15.8|23|29.7|5.8|10.7|18.1|26|33|37|0.7|1.1|1.8|25|31|41|9|14|22|2|8|18|".32"|".55"|0|0|0|0|0|0|0|0|0|0|0|0|7.6|11.2|16.9||||4.4|8.6|16.5|5.1|5.8|6.5||||||||||2.1|5|8.4|||||||||||||||||||||"25727837"|"76732213"
"BCg"||"BC"|||94|99|104|102|122|152|21|23|25|0|2|4|0|15|28|71|82|85|55|72|77|44|69|75|38|60|66|10|20.9|40|1|1.5|2|2|2.2|3|1|2|3|6|6.5|7|8|8.7|9|35|54.6|72|22|24.6|27|26|30|32|10|24.5|27|0|0|0|0|0|0||||1.54|1.56|1.59||||1.65|1.67|1.69|2.67|0.42|2.33|4.23|0.06|0.09|0.12||||11|21.4|26.4|3.1|10.9|14.3|19|28|34|0.5|1.6|1.9|20|34|36|6|17|19|0|7|10|".24"|".49"|0|0|0|0|0|0|0|0|0|0|0|0|5.1|12.3|13.6||||2.8|10.6|13.3|5.1|5.8|6.5||||||||||1.6|5.1|7.4|||||||||||||||||||||"25727837"|"76732214"
"Bt"||"B"|||23|25|27|46|51|56|24|26|28|0|0|1|0|6|10|87|93|96|80|89|94|69|85|94|60|75|86|12|20.9|30|1|1.5|2|1|2.2|3|1|2|3|6|6.5|7|8|8.7|9|52|54.6|65|30|32.6|34.6|20|22|24|15|24.5|32|0|0|0|0|0.25|0.5||||1.53|1.54|1.55||||1.61|1.62|1.71|2.67|4.23|9.17|14.11|0.14|0.18|0.22||||20.3|27|32|7.5|13.9|19.7|32|36|39|0.8|1.5|3.2|25|34|42|9|16|22|2|10|19|".49"|".49"|0|0|0|0|0|0|0|0|0|0|0|0||||4.6|8.8|16.3|2.7|8.6|13.9|4.5|5.5|6.5||||||||||0|5.2|11.5|||||||||||||||||||||"25727837"|"76732212"
"Cg"||"H"||3||86|||117|||31||0|0|0|0|5|10|90|95|100|70|85|100|65|82.5|100|35|65|95||17.8|||0.2|||0.4|||1.2|||5.1|||10.9|||54.2||||||||15|28|32||||0.5|0.75|1||||1.2|1.35|1.5|||||1.42|||1.41|7.76|14.11|0.12|0.14|0.16|||||27.1|||14.3|||41||0|1.5|2.9|26|38|43|9|19|22||||".43"|".43"|0|0|0|0|0|0|0|0|0|0|0|0||||8.1|14.5|16.5||||4.5|5.3|6|||||||||||||||||||||||||||||||||"25727258"|"76729982"
"B"||"H"||2||30|||86|||56||0|0|0|0|3|5|95|97.5|100|95|97.5|100|75|87.5|100|35|65|95||17.8|||0.2|||0.4|||1.2|||5.1|||10.9|||54.2||||||||15|28|32||||0.5|0.75|1||||1.2|1.35|1.5|||||1.41|||1.41|7.76|14.11|0.14|0.16|0.18|||||29.6|||15.6|||45||0|1.5|2.9|26|38|43|9|19|22||||".43"|".43"|0|0|0|0|0|0|0|0|0|0|0|0||||8.1|14.5|16.5||||4.5|5.3|6|||||||||||||||||||||||||||||||||"25727258"|"76729983"
"Ap"||"H"||1||0|||30|||30||0|0|0|0|3|5|95|97.5|100|95|97.5|100|75|87.5|100|35|65|95||30.1|||2.5|||3.5|||5|||9.4|||9.7|||54.9||||||||10|15|20||||2|3|4||||1.1|1.2|1.3|||||1.26|||1.41|7.76|14.11|0.14|0.16|0.18|||||25.6|||10.3|||50||0|1.5|2.9|25|32|39|6|9|13||||".37"|".37"|0|0|0|0|0|0|0|0|0|0|0|0|9.1|13.4|17.5|||||||5.4|6.1|6.9|||||||||||||||||||||||||||||||||"25727258"|"76729984"
"2Cg"||"H"||4||117|||155|||38||0|1|1|0|8|15|55|67.5|80|30|50|70|20|30|40|15|22.5|30|||||0|||||||||||||||||||||||3|7.5|12||||0.5|0.75|1||||1.4|1.55|1.7|||||1.67|||14.11|28.23|42.34|0.03|0.06|0.08|||||||||||23||0|1.5|2.9|0|21|26|0|4|7||||||0|0|0|0|0|0|0|0|0|0|0|0||||1.9|4.3|6.7||||4.5|5.3|6|||||||||||||||||||||||||||||||||"25727258"|"76729981"
"2Cg"||"C"||4||109|||165|||56||0|1|1|0|10|20|40|70|100|20|60|100|15|45|75|10|32.5|55|||||0|||||||||||||||||||||||0|5|10||||0|0.25|0.5||||1.2|1.45|1.7|||||1.55|||14.11|28.23|42.34|0.04|0.06|0.08|||||||||||29||0|1.5|2.9|0|17|23|0|2|6||||||0|0|0|0|0|0|0|0|0|0|0|0|0|2.7|5.4|||||||5.1|6.2|7.3|||||||||||||||||||||||||||||||||"25727259"|"76729987"
"Bg"||"B"||2||18|||66|||48||0|0|0|0|3|5|95|97.5|100|80|90|100|80|90|100|40|65|90||17.7|||0.2|||0.4|||1.2|||5.1|||10.8|||53.8||||||||15|28.5|30||||0|0.25|0.5||||1.3|1.4|1.5|||||1.47|||1.41|2.82|4.23|0.16|0.18|0.2|||||28.4|||15.1|||42||0|1.5|2.9|24|37|40|9|20|21||||".49"|".49"|0|0|0|0|0|0|0|0|0|0|0|0|7.6|14.9|15.8|||||||5.1|5.8|6.5|||||||||||||||||||||||||||||||||"25727259"|"76729985"
"Ap"||"A"||1||0|||18|||18||0|0|0|0|3|5|95|97.5|100|80|90|100|60|80|100|35|62.5|90||30.5|||2.5|||3.6|||5|||9.5|||9.9|||56||||||||10|13.5|17||||2|3|4||||1.2|1.3|1.4|||||1.36|||4.23|9.17|14.11|0.16|0.18|0.2|||||24.7|||10|||44||0|1.5|2.9|25|31|37|6|8|11||||".43"|".43"|0|0|0|0|0|0|0|0|0|0|0|0|5.5|7.4|9.3|||||||5.4|6.1|6.9|||||||||||||||||||||||||||||||||"25727259"|"76729988"
"Cg"||"C"||3||66|||109|||43||0|0|0|0|5|10|90|95|100|65|82.5|100|60|80|100|35|67.5|100||68.1|||0|||2.4|||14.7|||34.1|||16.9|||14.4||||||||15|17.5|30||||0|0.25|0.5||||1.2|1.35|1.5|||||1.42|||1.41|7.76|14.11|0.12|0.15|0.18|||||17.9|||9.6|||41||0|1.5|2.9|24|28|40|9|11|21||||".24"|".24"|0|0|0|0|0|0|0|0|0|0|0|0|7.6|9.2|15.8|||||||5.1|6.2|7.3|||||||||||||||||||||||||||||||||"25727259"|"76729986"
"Bg1"||"B"||2||20|||43|||23||0|0|0|0|0|0|90|95|100|85|92.5|100|75|87.5|100|50|70|90||22.4|||1.9|||2.5|||2.3|||6.8|||8.9|||55.1||||||||15|22.5|30||||0|0.25|0.5||||1.2|1.3|1.4|||||1.36|||1.41|2.82|4.23|0.16|0.19|0.22|||||26.4|||11.5|||46||0|1.5|2.9|25|30|35|5|12.5|20||||".49"|".49"|0|0|0|0|0|0|0|0|0|0|0|0|7.6|11.8|15.8|||||||5.1|5.8|6.5|||||||||||||||||||||||||||||||||"25727260"|"76729992"
"A"||"A"||1||0|||20|||20||0|0|0|0|0|0|90|95|100|85|92.5|100|75|87.5|100|50|70|90||30.1|||2.5|||3.5|||5|||9.4|||9.7|||54.9||||||||10|15|20||||2|3|4||||1.2|1.3|1.4|||||1.36|||4.23|9.17|14.11|0.16|0.2|0.24|||||26|||11|||45||0|1.5|2.9|20|25|30|0|5|10||||".43"|".43"|0|0|0|0|0|0|0|0|0|0|0|0|5.5|8.2|11|||||||5.1|5.8|6.5|||||||||||||||||||||||||||||||||"25727260"|"76729991"
"2Cg"||"C"||4||61|||152|||91||0|1|1|0|5|10|30|52.5|75|20|35|50|5|20|35|0|5|10|||||0|||||||||||||||||||||||0|2.5|5||||0|0.25|0.5||||1.6|1.7|1.8|||||1.88|||42.34|91.74|141.14|0.02|0.04|0.06|||||4.3|||1|||15||0|1.5|2.9|5|10|15|0|2.5|5||||||0|0|0|0|0|0|0|0|0|0|0|0|0|1.3|2.7|||||||5.1|5.8|6.5|||||||||||||||||||||||||||||||||"25727260"|"76729990"
"Bg2"||"B"||3||43|||61|||18||0|0|0|0|3|5|80|90|100|60|75|100|30|45|60|10|30|50||66.9|||4.7|||13.6|||16.7|||20.1|||11.8|||23.1||||||||5|10|15||||0|0.25|0.5||||1.4|1.5|1.6|||||1.58|||4.23|9.17|14.11|0.08|0.11|0.14|||||13.5|||5.5|||34||0|1.5|2.9|15|20|25|0|5|10||||".17"|".32"|0|0|0|0|0|0|0|0|0|0|0|0|2.6|5.3|8|||||||5.1|5.8|6.5|||||||||||||||||||||||||||||||||"25727260"|"76729989"
"2R"||"R"||||122|||147|||25||||||||||||||||||||||||0|||||||||||||||||||||||||||||||||||||||||||||0.42|2.33|4.23|||||||||||||||||||||||||||||||||||||||0|0|0|||||||||||||||||||||||||||||||||||||||||||||"25727293"|"76730131"
"Ap"||"A"||||0|||20|||20||0|0|0|0|3|5|95|97.5|100|95|97.5|100|85|92.5|100|80|90|100||6.9|||0|||0|||0.2|||1.9|||4.8|||68.1||||||||15|25|35||||2|3|4||||1.2|1.3|1.4|||||1.36|||4.23|9.17|14.11|0.14|0.16|0.18|||||29.9|||16.1|||46||0|1.5|2.9|29|40|52|9|17|24||||".37"|".37"|0|0|0|0|0|0|0|0|0|0|0|0||||3.6|6.8|10.4||||4.5|5|5.5|||||||||||||||||||||||||||||||||"25727293"|"76730130"
"Btg"||"B"||||20|||51|||31||0|0|0|0|3|5|90|95|100|85|92.5|100|80|90|100|75|87.5|100||6.8|||0|||0|||0.2|||1.9|||4.7|||66.7||||||||20|26.5|35||||0|0.25|0.5||||1.4|1.5|1.6|||||1.57|||4.23|9.17|14.11|0.1|0.13|0.16|||||29.1|||15.8|||39||0|1.5|2.9|30|37.5|45|3|9|15||||".55"|".55"|0|0|0|0|0|0|0|0|0|0|0|0|10.1|14.4|18.4|||||||4.5|5.5|6.5|||||||||||||||||||||||||||||||||"25727293"|"76730128"
"Btx"||"B"||||51|||122|||71||0|0|0|0|3|5|80|90|100|75|87.5|100|75|87.5|100|70|85|100||6.8|||0|||0|||0.2|||1.9|||4.7|||66.7||||||||20|26.5|35||||0|0|0||||1.4|1.5|1.6|||||1.58|||0.42|0.92|1.41|0.06|0.08|0.1|||||27.9|||15|||37||0|1.5|2.9|25|32|39|3|9|15||||".55"|".55"|0|0|0|0|0|0|0|0|0|0|0|0|10.1|13.8|17.5|||||||5.1|5.8|6.5|||||||||||||||||||||||||||||||||"25727293"|"76730129"
"Bx"||"B"||3||64|||112|||48||0|0|0|0|0|0|80|90|100|80|90|100|75|87.5|100|70|80|90||7.2|||0|||0|||0.2|||2|||5|||70.3||||||||18|22.5|27||||0|0|0||||1.6|1.7|1.8|||||1.78|||1.41|2.82|4.23|0.14|0.16|0.18|||||28|||14.3|||32||0|1.5|2.9|20|27.5|35|2|5.5|9||||".55"|".55"|0|0|0|0|0|0|0|0|0|0|0|0||||8.4|10.9|13.4||||4.5|5.3|6|||||||||||||||||||||||||||||||||"25727294"|"76730134"
"C"||"C"||4||112|||188|||76||0|1|2|0|5|10|55|77.5|100|50|75|100|45|72.5|100|40|70|100||7.2|||0|||0|||0.2|||2|||5|||70.3||||||||18|22.5|27||||0|0|0||||1.6|1.7|1.8|||||1.8|||1.41|2.82|4.23|0.1|0.14|0.18|||||23.6|||12.1|||27||0|1.5|2.9|20|27.5|35|2|5.5|9||||".55"|".55"|0|0|0|0|0|0|0|0|0|0|0|0||||8.4|10.9|13.4||||4.5|5.3|6|||||||||||||||||||||||||||||||||"25727294"|"76730133"
"Ap"||"A"||1||0|||23|||23||0|0|0|0|0|0|95|97.5|100|95|97.5|100|90|95|100|75|85|95||13.6|||0.1|||0.4|||1|||3.9|||8.2|||68.9||||||||10|17.5|25||||2|3|4||||1.2|1.3|1.4|||||1.36|||4.23|9.17|14.11|0.18|0.2|0.22|||||27.7|||12.6|||47||0|1.5|2.9|25|34|43|6|11|17||||".37"|".37"|0|0|0|0|0|0|0|0|0|0|0|0||||2.3|4.5|7.1||||4.5|5.3|6|||||||||||||||||||||||||||||||||"25727294"|"76730135"
"Bt"||"B"||2||23|||64|||41||0|0|0|0|0|0|90|95|100|90|95|100|85|92.5|100|70|82.5|95||6.9|||0|||0|||0.2|||1.9|||4.8|||68.1||||||||18|25|32||||0|0.25|0.5||||1.4|1.5|1.6|||||1.57|||4.23|9.17|14.11|0.14|0.16|0.18|||||29.1|||14.9|||40||0|1.5|2.9|25|32|39|2|6.5|11||||".49"|".49"|0|0|0|0|0|0|0|0|0|0|0|0||||5.7|9|16.3||||4.5|5.3|6|||||||||||||||||||||||||||||||||"25727294"|"76730132"
"Ap"||"A"||||0|||25|||25||0|0|0|0|3|5|95|97.5|100|95|97.5|100|95|97.5|100|85|90|95||11.7|||0.2|||0.4|||0.9|||3.5|||6.7|||69.8||||||||12|18.5|25||||2|3|4||||1.2|1.3|1.4|||||1.36|||4.23|9.17|14.11|0.18|0.2|0.22|||||27.7|||12.9|||46||0|1.5|2.9|26|35|43|7|12|17||||".37"|".37"|0|0|0|0|0|0|0|0|0|0|0|0|6.5|10.1|13.6|||||||5.1|6.2|7.3|||||||||||||||||||||||||||||||||"25727295"|"76730136"
"Bt"||"B"||||25|||53|||28||0|0|0|0|3|5|95|97.5|100|95|97.5|100|95|97.5|100|85|90|95||6.9|||0|||0|||0.2|||1.9|||4.8|||68.1||||||||15|25|35||||0|0.25|0.5||||1.4|1.5|1.6|||||1.57|||4.23|9.17|14.11|0.12|0.14|0.16|||||29|||14.9|||40||0|1.5|2.9|24|34|44|9|17|25||||".55"|".55"|0|0|0|0|0|0|0|0|0|0|0|0|7.6|13.1|18.4|||||||5.1|6.2|7.3|||||||||||||||||||||||||||||||||"25727295"|"76730137"
"2C"||"C"||||145|||178|||33||0|1|2|0|5|10|50|65|80|45|60|75|40|52.5|65|30|45|60||11.3|||0.1|||0.4|||0.9|||3.3|||6.6|||67.7||||||||15|21|27||||0|0|0||||1.5|1.6|1.7|||||1.71|||0.42|2.33|4.23|0.08|0.1|0.12|||||19.5|||9.2|||26||0|1.5|2.9|24|30|36|9|14|19||||".20"|".55"|0|0|0|0|0|0|0|0|0|0|0|0|7.6|10.6|13.6|||||||5.1|6.2|7.3|||||||||||||||||||||||||||||||||"25727295"|"76730139"
"Bx"||"B"||||53|||145|||92||0|1|1|0|8|15|55|77.5|100|50|72.5|95|45|60|75|40|55|70||6.9|||0|||0|||0.2|||1.9|||4.8|||68.1||||||||15|25|35||||0|0.25|0.5||||1.6|1.7|1.8|||||1.8|||0.42|0.92|1.41|0.08|0.1|0.12|||||23.5|||13.1|||25||0|1.5|2.9|24|34|44|9|17|25||||".24"|".55"|0|0|0|0|0|0|0|0|0|0|0|0|7.6|13.1|18.4|||||||5.1|6.2|7.3|||||||||||||||||||||||||||||||||"25727295"|"76730138"
"2Cg2"||"C"||||109|||165|||56||0|1|1|0|10|20|40|70|100|20|60|100|15|45|75|10|32.5|55||65.6|||5.8|||12.8|||15.5|||19.4|||12.1|||29.4||||||||0|5|10||||0|0.25|0.5||||1.2|1.45|1.7|||||1.55|||14.11|28.23|42.34|0.04|0.06|0.08|||||8.1|||2.3|||29||0|1.5|2.9|0|17|23|0|2|6||||".10"|".37"|0|0|0|0|0|0|0|0|0|0|0|0|0|2.7|5.4|||||||5.1|6.2|7.3|||||||||||||||||||||||||||||||||"25727321"|"76730231"
"Cg1"||"C"||||66|||109|||43||0|0|0|0|5|10|90|95|100|65|82.5|100|60|80|100|35|67.5|100||67.7|||0|||2.4|||14.6|||33.9|||16.8|||14.3||||||||15|18|30||||0|0.25|0.5||||1.2|1.35|1.5|||||1.42|||1.41|7.76|14.11|0.12|0.15|0.18|||||20|||12.3|||41||0|1.5|2.9|35|45|55|15|20|25||||".24"|".24"|0|0|0|0|0|0|0|0|0|0|0|0|7.6|11.8|15.8|||||||5.1|6.2|7.3|||||||||||||||||||||||||||||||||"25727321"|"76730230"
"Bw"||"B"||||18|||66|||48||0|0|0|0|3|5|95|97.5|100|80|90|100|80|90|100|40|65|90||17.5|||0.2|||0.4|||1.2|||5|||10.7|||49||||||||15|33.5|35||||0|0.25|0.5||||1.3|1.4|1.5|||||1.47|||1.41|2.82|4.23|0.16|0.18|0.2|||||26.6|||12.6|||42||0|1.5|2.9|30|37.5|45|8|11.5|15||||".43"|".43"|0|0|0|0|0|0|0|0|0|0|0|0|7.6|11.8|15.8|||||||5.1|5.8|6.5|||||||||||||||||||||||||||||||||"25727321"|"76730229"
"Ap"||"A"||||0|||18|||18||0|0|0|0|3|5|95|97.5|100|80|90|100|60|80|100|35|62.5|90||30.5|||2.5|||3.6|||5|||9.5|||9.9|||56||||||||10|13.5|17||||2|3|4||||1.2|1.3|1.4|||||1.36|||4.23|9.17|14.11|0.16|0.18|0.2|||||24.7|||10|||44||0|1.5|2.9|25|31|37|6|8|11||||".43"|".43"|0|0|0|0|0|0|0|0|0|0|0|0|5.5|7.4|9.3|||||||5.1|5.8|6.5|||||||||||||||||||||||||||||||||"25727321"|"76730228"
"Btg"||"B"||||15|||71|||56||0|0|0|0|3|5|90|95|100|85|92.5|100|80|90|100|75|87.5|100||6.8|||0|||0|||0.2|||1.9|||4.7|||66.7||||||||20|26.5|35||||0|0.25|0.5||||1.4|1.5|1.6|||||1.57|||4.23|9.17|14.11|0.1|0.13|0.16|||||28.7|||15.2|||39||0|1.5|2.9|29|36|44|13|18|25||||".49"|".49"|0|0|0|0|0|0|0|0|0|0|0|0|10.1|13.9|18.4|||||||4.5|5.5|6.5|||||||||||||||||||||||||||||||||"25727322"|"76730232"
"Ap"||"A"||||0|||15|||15||0|0|0|0|3|5|95|97.5|100|95|97.5|100|85|92.5|100|80|90|100||6.9|||0|||0|||0.2|||1.9|||4.8|||68.1||||||||15|25|35||||2|3|4||||1.2|1.3|1.4|||||1.36|||4.23|9.17|14.11|0.14|0.16|0.18|||||29.9|||16.1|||46||0|1.5|2.9|29|40|52|9|17|24||||".37"|".37"|0|0|0|0|0|0|0|0|0|0|0|0|8.2|13.6|19|||||||5.4|6.1|6.9|||||||||||||||||||||||||||||||||"25727322"|"76730234"
"Btx"||"B"||||71|||165|||94||0|0|0|0|3|5|80|90|100|75|87.5|100|75|87.5|100|70|85|100||6.8|||0|||0|||0.2|||1.9|||4.7|||66.7||||||||20|26.5|35||||0|0|0||||1.4|1.5|1.6|||||1.58|||0.42|0.92|1.41|0.06|0.08|0.1|||||27.6|||14.4|||37||0|1.5|2.9|29|35|43|13|18|25||||".55"|".55"|0|0|0|0|0|0|0|0|0|0|0|0|10.1|13.3|17.5|||||||5.1|5.8|6.5|||||||||||||||||||||||||||||||||"25727322"|"76730233"
"C"||"C"||4||112|||188|||76||0|1|2|0|5|10|55|77.5|100|50|75|100|45|72.5|100|40|70|100||7.2|||0|||0|||0.2|||2|||5|||70.3||||||||18|22.5|27||||0|0|0||||1.6|1.7|1.8|||||1.8|||1.41|2.82|4.23|0.1|0.14|0.18|||||23.6|||12.1|||27||0|1.5|2.9|20|27.5|35|2|5.5|9||||".55"|".55"|0|0|0|0|0|0|0|0|0|0|0|0||||8.4|10.9|13.4||||4.5|5.3|6|||||||||||||||||||||||||||||||||"25727323"|"76730236"
"Bx"||"B"||3||64|||112|||48||0|0|0|0|0|0|80|90|100|80|90|100|75|87.5|100|70|80|90||7.2|||0|||0|||0.2|||2|||5|||70.3||||||||18|22.5|27||||0|0|0||||1.6|1.7|1.8|||||1.78|||1.41|2.82|4.23|0.14|0.16|0.18|||||28|||14.3|||32||0|1.5|2.9|20|27.5|35|2|5.5|9||||".55"|".55"|0|0|0|0|0|0|0|0|0|0|0|0||||8.4|10.9|13.4||||4.5|5.3|6|||||||||||||||||||||||||||||||||"25727323"|"76730237"
"Ap"||"A"||1||0|||23|||23||0|0|0|0|0|0|95|97.5|100|95|97.5|100|90|95|100|75|85|95||13.6|||0.1|||0.4|||1|||3.9|||8.2|||68.9||||||||10|17.5|25||||2|3|4||||1.2|1.3|1.4|||||1.36|||4.23|9.17|14.11|0.18|0.2|0.22|||||27.7|||12.6|||47||0|1.5|2.9|25|34|43|6|11|17||||".37"|".37"|0|0|0|0|0|0|0|0|0|0|0|0||||2.3|4.5|7.1||||4.5|5.3|6|||||||||||||||||||||||||||||||||"25727323"|"76730235"
"Bt"||"B"||2||23|||64|||41||0|0|0|0|0|0|90|95|100|90|95|100|85|92.5|100|70|82.5|95||6.9|||0|||0|||0.2|||1.9|||4.8|||68.1||||||||18|25|32||||0|0.25|0.5||||1.4|1.5|1.6|||||1.57|||4.23|9.17|14.11|0.14|0.16|0.18|||||29.1|||14.9|||40||0|1.5|2.9|25|32|39|2|6.5|11||||".49"|".49"|0|0|0|0|0|0|0|0|0|0|0|0||||5.7|9|16.3||||4.5|5.3|6|||||||||||||||||||||||||||||||||"25727323"|"76730238"
